%YAML:1.0
---
image_width: 384
image_height: 384
camera_matrix: !!opencv-matrix
   rows: 3
   cols: 3
   dt: d
   data: [ 3.8955086559993555e+02, 0., 1.9706831231939165e+02, 0.,
       3.8796973315056152e+02, 1.9852050269566848e+02, 0., 0., 1. ]
distortion_coefficients: !!opencv-matrix
   rows: 1
   cols: 5
   dt: d
   data: [ 6.9601956805033560e-02, 6.7383204244850947e-01,
       1.8213959208524090e-03, 2.1376808214480635e-03,
       -2.7865932022005575e+00 ]
