%YAML:1.0
---
image_width: 384
image_height: 384
camera_matrix: !!opencv-matrix
   rows: 3
   cols: 3
   dt: d
   data: [ 3.7069541620540292e+02, 0., 1.9367113947345015e+02, 0.,
       3.6951119799725797e+02, 1.9186956043037833e+02, 0., 0., 1. ]
distortion_coefficients: !!opencv-matrix
   rows: 1
   cols: 5
   dt: d
   data: [ 1.0546647668373667e-01, 8.7307763110334155e-02,
       -2.4348174616308502e-04, 7.4269535728986081e-04,
       -8.0044922325862911e-01 ]
